1.317604303359985352e+00
1.113780021667480469e+00
1.024625301361083984e+00
1.013641119003295898e+00
1.007276535034179688e+00
9.948186278343200684e-01
9.947862625122070312e-01
9.916318058967590332e-01
9.631285071372985840e-01
9.897013306617736816e-01
9.856557250022888184e-01
9.815950989723205566e-01
9.846782684326171875e-01
9.816138744354248047e-01
9.804325699806213379e-01
9.845520257949829102e-01
9.887640476226806641e-01
9.877426028251647949e-01
9.877426028251647949e-01
9.877426028251647949e-01
9.876796603202819824e-01
9.675977826118469238e-01
9.896265268325805664e-01
9.927611351013183594e-01
9.917610883712768555e-01
9.979402422904968262e-01
1.001037359237670898e+00
9.895068407058715820e-01
9.705188870429992676e-01
9.066666960716247559e-01
