0.000000000000000000e+00 0.000000000000000000e+00 0.000000000000000000e+00 0.000000000000000000e+00 4.504504504504504465e-03 0.000000000000000000e+00 0.000000000000000000e+00 4.065040650406504495e-03 7.718696397941680887e-02 4.213197969543147070e-01 7.416779635487271705e-01 8.061141082229851262e-01 8.282828282828282873e-01 8.798798798798799226e-01 8.368794326241134618e-01 8.358208955223880299e-01 8.857142857142856762e-01 8.208955223880597396e-01 9.166666666666666297e-01
0.000000000000000000e+00 0.000000000000000000e+00 0.000000000000000000e+00 0.000000000000000000e+00 0.000000000000000000e+00 0.000000000000000000e+00 9.646302250803859279e-03 1.913875598086124327e-02 2.437275985663082400e-01 6.442577030812325356e-01 7.557919277283986492e-01 8.348802566746877929e-01 8.462251042149142588e-01 8.629690048939641089e-01 8.656716417910447214e-01 8.712871287128712838e-01 8.596491228070175517e-01 9.369369369369369149e-01 9.047619047619047672e-01
0.000000000000000000e+00 0.000000000000000000e+00 0.000000000000000000e+00 0.000000000000000000e+00 0.000000000000000000e+00 0.000000000000000000e+00 4.477611940298507204e-02 5.128205128205128027e-02 2.626262626262626521e-01 5.741935483870967971e-01 7.020626432391138261e-01 7.816291161178509084e-01 8.253968253968253510e-01 8.842975206611570771e-01 9.047619047619047672e-01 6.470588235294117974e-01 8.421052631578946901e-01 8.333333333333333703e-01 1.000000000000000000e+00
0.000000000000000000e+00 0.000000000000000000e+00 0.000000000000000000e+00 0.000000000000000000e+00 0.000000000000000000e+00 1.923076923076923184e-03 2.747252747252747467e-03 6.315789473684210384e-03 2.247474747474747514e-01 6.494778067885117467e-01 7.811518995451341985e-01 8.824078394773682277e-01 9.192525859192526294e-01 9.341432225063938111e-01 9.413854351687388489e-01 9.540636042402826922e-01 9.679487179487179516e-01 9.437086092715232244e-01 9.393939393939394478e-01
0.000000000000000000e+00 0.000000000000000000e+00 0.000000000000000000e+00 0.000000000000000000e+00 0.000000000000000000e+00 0.000000000000000000e+00 0.000000000000000000e+00 2.349256068911511567e-03 2.483258928571428492e-01 6.396965865992414457e-01 7.626195328421382369e-01 9.030361578802097444e-01 9.323953328757721426e-01 9.470875944864384222e-01 9.507042253521126307e-01 9.549763033175355798e-01 9.520295202952029356e-01 9.795501022494887966e-01 9.633027522935779796e-01
0.000000000000000000e+00 0.000000000000000000e+00 0.000000000000000000e+00 0.000000000000000000e+00 0.000000000000000000e+00 0.000000000000000000e+00 1.953125000000000000e-03 1.403508771929824457e-03 2.684458398744112850e-01 6.631748589846897524e-01 7.724796656965897679e-01 8.982806877249099875e-01 9.304812834224599483e-01 9.459129727531516707e-01 9.515366430260047137e-01 9.455782312925170574e-01 9.422382671480143967e-01 9.697580645161290036e-01 9.615384615384615641e-01
0.000000000000000000e+00 0.000000000000000000e+00 0.000000000000000000e+00 0.000000000000000000e+00 0.000000000000000000e+00 0.000000000000000000e+00 1.432664756446991360e-03 1.020408163265306214e-03 2.040816326530612290e-01 6.288209606986899791e-01 7.815864925135393992e-01 8.783430774972011967e-01 9.304276315789473673e-01 9.293478260869565410e-01 9.355932203389830670e-01 9.493243243243243423e-01 9.719101123595506042e-01 9.523809523809523281e-01 9.863013698630136439e-01
0.000000000000000000e+00 0.000000000000000000e+00 0.000000000000000000e+00 0.000000000000000000e+00 0.000000000000000000e+00 0.000000000000000000e+00 1.562500000000000000e-02 3.896103896103896014e-02 2.844827586206896686e-01 5.586206896551724199e-01 6.663927691043549650e-01 7.935606060606060774e-01 8.209606986899563585e-01 8.346456692913385433e-01 8.787878787878787845e-01 8.666666666666666963e-01 6.666666666666666297e-01 7.692307692307692735e-01 8.571428571428570953e-01
0.000000000000000000e+00 0.000000000000000000e+00 0.000000000000000000e+00 0.000000000000000000e+00 0.000000000000000000e+00 0.000000000000000000e+00 0.000000000000000000e+00 2.227171492204899680e-03 1.903945111492281184e-01 6.304347826086956763e-01 7.669579692051602393e-01 8.358276133678406161e-01 8.752952290977799032e-01 8.858131487889273625e-01 8.969957081545064659e-01 8.660714285714286031e-01 8.450704225352112520e-01 8.870967741935483764e-01 9.200000000000000400e-01
0.000000000000000000e+00 0.000000000000000000e+00 0.000000000000000000e+00 0.000000000000000000e+00 0.000000000000000000e+00 0.000000000000000000e+00 0.000000000000000000e+00 2.036659877800407140e-03 4.769230769230769357e-02 3.950762016412661115e-01 7.415337889141989658e-01 8.212244897959183332e-01 8.557692307692307265e-01 8.494318181818182323e-01 8.571428571428570953e-01 9.074074074074074403e-01 8.387096774193548709e-01 8.679245283018868218e-01 9.166666666666666297e-01
