8.065573573112487793e-01 8.824593424797058105e-01 9.188405871391296387e-01 9.403973221778869629e-01 1.051085591316223145e+00 1.051085591316223145e+00
8.285714387893676758e-01 9.274873733520507812e-01 9.669876098632812500e-01 9.809644818305969238e-01 1.005924224853515625e+00 1.005924224853515625e+00
1.032863855361938477e+00 1.007594943046569824e+00 9.881955981254577637e-01 9.953917264938354492e-01 1.104105591773986816e+00 1.104105591773986816e+00
1.007751941680908203e+00 9.720394611358642578e-01 9.746666550636291504e-01 9.716748595237731934e-01 9.894859790802001953e-01 9.894859790802001953e-01
9.407216310501098633e-01 9.529983997344970703e-01 9.534574747085571289e-01 9.530864357948303223e-01 9.754959344863891602e-01 9.754959344863891602e-01
9.458763003349304199e-01 9.819967150688171387e-01 9.798115491867065430e-01 9.775280952453613281e-01 1.011890649795532227e+00 1.011890649795532227e+00
9.897698163986206055e-01 9.752066135406494141e-01 9.746328592300415039e-01 9.789343476295471191e-01 1.010727047920227051e+00 1.010727047920227051e+00
1.033980607986450195e+00 9.748743772506713867e-01 9.663865566253662109e-01 9.799072742462158203e-01 1.007163286209106445e+00 1.007163286209106445e+00
8.274853825569152832e-01 9.089376330375671387e-01 9.578231573104858398e-01 9.685534834861755371e-01 9.882628917694091797e-01 9.882628917694091797e-01
7.970149517059326172e-01 8.633217811584472656e-01 9.078013896942138672e-01 9.376623630523681641e-01 1.021356821060180664e+00 1.021356821060180664e+00
