8.634752035140991211e-01 9.521345496177673340e-01 9.860464930534362793e-01 9.988713264465332031e-01 1.036995530128479004e+00 1.036995530128479004e+00
8.750000000000000000e-01 9.717791676521301270e-01 9.955207109451293945e-01 1.000000000000000000e+00 1.015267133712768555e+00 1.015267133712768555e+00
1.043373465538024902e+00 9.983633160591125488e-01 9.974937438964843750e-01 9.951632618904113770e-01 1.060212492942810059e+00 1.060212492942810059e+00
9.792592525482177734e-01 9.748502969741821289e-01 9.825897812843322754e-01 9.861702322959899902e-01 1.003201723098754883e+00 1.003201723098754883e+00
9.672897458076477051e-01 9.713603854179382324e-01 9.761904478073120117e-01 9.766454100608825684e-01 9.968152642250061035e-01 9.968152642250061035e-01
9.480122327804565430e-01 9.726840853691101074e-01 9.805405139923095703e-01 9.798728823661804199e-01 1.001055955886840820e+00 1.001055955886840820e+00
9.925595521926879883e-01 9.796162843704223633e-01 9.826086759567260742e-01 9.861848950386047363e-01 1.009625673294067383e+00 1.009625673294067383e+00
1.050119280815124512e+00 9.901639223098754883e-01 9.850373864173889160e-01 9.891304373741149902e-01 1.032028436660766602e+00 1.032028436660766602e+00
8.827361464500427246e-01 9.579728245735168457e-01 9.877368807792663574e-01 9.967249035835266113e-01 1.005464434623718262e+00 1.005464434623718262e+00
8.741496801376342773e-01 9.316455721855163574e-01 9.723820686340332031e-01 9.888142943382263184e-01 1.020270228385925293e+00 1.020270228385925293e+00
