proc       sintheta         tanbeta          Mxd          mA           ma           Xsec(pb)
gg            0.1             1.0            10           1000          350           0.004676  $\pm$  1.949e-05
gg            0.1             1.0            10           600          200           0.02888  $\pm$  3.069e-05
gg            0.2             1.0            10           1000          350           0.01478  $\pm$  6.405e-05
gg            0.2             1.0            10           600          200           0.1032  $\pm$  0.0001202
gg            0.34             1.0            10           600          200           0.2225  $\pm$  0.0003256
gg            0.34             20.0            10           600          400           0.001346  $\pm$  2.44e-06
gg            0.35             0.5            10           600          100           0.8828  $\pm$  0.001809
gg            0.35             0.5            10           600          150           0.6201  $\pm$  0.002545
gg            0.35             0.5            10           600          200           0.4171  $\pm$  0.0009505
gg            0.35             0.8            10           600          400           0.0416  $\pm$  7.357e-05
gg            0.35             0.8            10           600          500           0.006654  $\pm$  9.394e-06
gg            0.35             10.0            10           600          100           0.01132  $\pm$  7.069e-06
gg            0.35             10.0            10           600          150           0.009443  $\pm$  8.099e-06
gg            0.35             10.0            10           600          200           0.008514  $\pm$  7.529e-06
gg            0.35             10.0            10           600          250           0.007212  $\pm$  6.53e-06
gg            0.35             10.0            10           600          300           0.005773  $\pm$  5.317e-06
gg            0.35             10.0            10           600          400           0.002733  $\pm$  4.513e-06
gg            0.35             10.0            10           600          500           0.0002897  $\pm$  6.736e-07
gg            0.35             1.0            10           1000          150           0.0419  $\pm$  0.0001432
gg            0.35             1.0            10           1000          250           0.02742  $\pm$  0.0001406
gg            0.35             1.0            10           1000          350           0.02225  $\pm$  0.0001297
gg            0.35             1.0            10           1000          500           0.01092  $\pm$  2.416e-05
gg            0.35             1.0            10           1200          150           0.0106  $\pm$  1.3e-05
gg            0.35             1.0            10           1200          250           0.009472  $\pm$  5.542e-05
gg            0.35             1.0            10           1200          350           0.008832  $\pm$  3.792e-05
gg            0.35             1.0            10           1200          500           0.0054  $\pm$  3.071e-05
gg            0.35             1.0            10           1400          250           0.008605  $\pm$  1.916e-05
gg            0.35             1.0            10           1400          350           0.004877  $\pm$  2.343e-05
gg            0.35             1.0            10           1400          450           0.002848  $\pm$  1.686e-05
gg            0.35             1.0            10           1600          150           0.07525  $\pm$  0.0005544
gg            0.35             1.0            10           1600          250           0.02559  $\pm$  3.767e-05
gg            0.35             1.0            10           1600          350           0.01035  $\pm$  2.504e-05
gg            0.35             1.0            10           200          100           0.3584  $\pm$  0.0007837
gg            0.35             1.0            10           200          150           0.3253  $\pm$  0.0007055
gg            0.35             1.0            10           300          100           2.903  $\pm$  0.004634
gg            0.35             1.0            10           300          150           1.606  $\pm$  0.002528
gg            0.35             1.0            10           400          150           0.987  $\pm$  0.0008307
gg            0.35             1.0            10           400          200           0.6008  $\pm$  0.000422
gg            0.35             1.0            10           400          250           0.2303  $\pm$  0.0005819
gg            0.35             1.0            10           500          150           0.5074  $\pm$  0.0009335
gg            0.35             1.0            10           500          200           0.3692  $\pm$  0.0004028
gg            0.35             1.0            10           500          250           0.2358  $\pm$  0.00032
gg            0.35             1.0            10           500          300           0.1292  $\pm$  0.0001745
gg            0.35             1.0            10           600          100           0.3784  $\pm$  0.0005668
gg            0.35             1.0            10           600          150           0.2984  $\pm$  0.0007572
gg            0.35             1.0            10           600          200           0.2295  $\pm$  0.0003394
gg            0.35             1.0            10           600          250           0.165  $\pm$  0.0002123
gg            0.35             1.0            10           600          300           0.1156  $\pm$  0.0001285
gg            0.35             1.0            10           600          350           0.07686  $\pm$  0.0001633
gg            0.35             1.0            10           600          400           0.03989  $\pm$  6.825e-05
gg            0.35             1.0            10           600          500           0.005585  $\pm$  1.575e-05
gg            0.35             1.0            10           700          250           0.1087  $\pm$  0.0001162
gg            0.35             1.0            10           700          300           0.08371  $\pm$  0.0001197
gg            0.35             1.0            10           700          400           0.04242  $\pm$  6.59e-05
gg            0.35             1.0            10           800          250           0.07022  $\pm$  0.0002019
gg            0.35             1.0            10           800          300           0.05689  $\pm$  0.0001048
gg            0.35             1.0            10           800          350           0.04838  $\pm$  5.338e-05
gg            0.35             1.0            10           800          500           0.01614  $\pm$  2.187e-05
gg            0.35             1.0            10           900          300           0.03722  $\pm$  0.000112
gg            0.35             1.0            10           900          350           0.03346  $\pm$  0.0001091
gg            0.35             1.0            10           900          400           0.02536  $\pm$  7.158e-05
gg            0.35             1.5            10           600          100           0.2283  $\pm$  0.000406
gg            0.35             1.5            10           600          150           0.1905  $\pm$  0.0005059
gg            0.35             1.5            10           600          200           0.1545  $\pm$  0.0002968
gg            0.35             1.5            10           600          250           0.1191  $\pm$  0.0001673
gg            0.35             1.5            10           600          300           0.08769  $\pm$  0.0001337
gg            0.35             1.5            10           600          350           0.06137  $\pm$  0.0001129
gg            0.35             1.5            10           600          400           0.03445  $\pm$  8.92e-05
gg            0.35             1.5            10           600          500           0.004017  $\pm$  6.269e-06
gg            0.35             20.0            10           600          100           0.01613  $\pm$  3.691e-05
gg            0.35             20.0            10           600          150           0.008461  $\pm$  1.767e-05
gg            0.35             20.0            10           600          200           0.006757  $\pm$  1.922e-05
gg            0.35             20.0            10           600          250           0.005078  $\pm$  9.066e-06
gg            0.35             20.0            10           600          300           0.003595  $\pm$  6.601e-06
gg            0.35             20.0            10           600          350           0.002369  $\pm$  4.751e-06
gg            0.35             20.0            10           600          500           0.000154  $\pm$  3.065e-07
gg            0.35             2.0            10           600          100           0.1524  $\pm$  0.0002773
gg            0.35             2.0            10           600          200           0.1102  $\pm$  0.000156
gg            0.35             2.0            10           600          250           0.08832  $\pm$  0.0001511
gg            0.35             2.0            10           600          300           0.06773  $\pm$  4.522e-05
gg            0.35             2.0            10           600          350           0.04835  $\pm$  9.241e-05
gg            0.35             2.0            10           600          400           0.02864  $\pm$  7.367e-05
gg            0.35             2.0            10           600          500           0.003112  $\pm$  8.85e-06
gg            0.35             30.0            10           600          200           0.009084  $\pm$  1.313e-05
gg            0.35             30.0            10           600          250           0.0062  $\pm$  1.149e-05
gg            0.35             30.0            10           600          300           0.004044  $\pm$  2.697e-06
gg            0.35             30.0            10           600          350           0.002432  $\pm$  5.664e-06
gg            0.35             30.0            10           600          400           0.001322  $\pm$  2.167e-06
gg            0.35             30.0            10           600          500           0.0001731  $\pm$  5.553e-07
gg            0.35             40.0            10           600          100           0.04574  $\pm$  0.0001108
gg            0.35             40.0            10           600          150           0.01794  $\pm$  4.054e-05
gg            0.35             40.0            10           600          250           0.007557  $\pm$  1.513e-05
gg            0.35             40.0            10           600          300           0.004603  $\pm$  4.87e-06
gg            0.35             40.0            10           600          350           0.002624  $\pm$  3.109e-06
gg            0.35             40.0            10           600          400           0.001352  $\pm$  2.978e-06
gg            0.35             40.0            10           600          500           0.0002082  $\pm$  3.047e-07
gg            0.35             4.0            10           600          100           0.04808  $\pm$  6.335e-05
gg            0.35             4.0            10           600          150           0.04385  $\pm$  6.008e-05
gg            0.35             4.0            10           600          200           0.03867  $\pm$  8.613e-06
gg            0.35             4.0            10           600          300           0.02653  $\pm$  1.636e-05
gg            0.35             4.0            10           600          350           0.02017  $\pm$  2.367e-05
gg            0.35             4.0            10           600          400           0.0129  $\pm$  2.243e-05
gg            0.35             4.0            10           600          500           0.001384  $\pm$  3.222e-06
gg            0.35             50.0            10           600          100           0.05891  $\pm$  0.0001945
gg            0.35             50.0            10           600          150           0.02314  $\pm$  5.623e-05
gg            0.35             50.0            10           600          200           0.01448  $\pm$  5.885e-05
gg            0.35             50.0            10           600          250           0.008824  $\pm$  2.745e-05
gg            0.35             50.0            10           600          300           0.005114  $\pm$  1.282e-05
gg            0.35             50.0            10           600          350           0.002788  $\pm$  4.831e-06
gg            0.35             50.0            10           600          500           0.0002425  $\pm$  8.035e-07
gg            0.35             6.0            10           600          100           0.02277  $\pm$  2.066e-05
gg            0.35             6.0            10           600          150           0.02117  $\pm$  2.482e-05
gg            0.35             6.0            10           600          200           0.01895  $\pm$  2.808e-05
gg            0.35             6.0            10           600          250           0.01633  $\pm$  1.828e-05
gg            0.35             6.0            10           600          300           0.01334  $\pm$  8.034e-06
gg            0.35             6.0            10           600          400           0.006651  $\pm$  1.378e-05
gg            0.35             6.0            10           600          500           0.0007165  $\pm$  1.578e-06
gg            0.35             8.0            10           600          100           0.01429  $\pm$  1.264e-05
gg            0.35             8.0            10           600          150           0.01288  $\pm$  1.485e-05
gg            0.35             8.0            10           600          200           0.01168  $\pm$  1.476e-05
gg            0.35             8.0            10           600          300           0.008142  $\pm$  6.27e-06
gg            0.35             8.0            10           600          350           0.006166  $\pm$  7.141e-06
gg            0.35             8.0            10           600          400           0.003985  $\pm$  6.293e-06
gg            0.35             8.0            10           600          500           0.0004285  $\pm$  8.421e-07
gg            0.3             1.0            10           1000          350           0.02185  $\pm$  6.175e-05
gg            0.3             1.0            10           600          200           0.1916  $\pm$  0.0003364
gg            0.4             1.0            10           1000          350           0.02067  $\pm$  3.85e-05
gg            0.4             1.0            10           600          200           0.2575  $\pm$  0.0003867
gg            0.6             1.0            10           600          200           0.2362  $\pm$  0.0002282
gg            0.7             1.0            10           1000          350           0.1471  $\pm$  0.0005509
gg            0.7             1.0            10           600          200           0.1706  $\pm$  0.0001072
gg            0.8             1.0            10           1000          350           0.3795  $\pm$  0.001061
gg            0.8             1.0            10           600          200           0.1545  $\pm$  0.0007817
gg            0.9             1.0            10           600          200           0.3353  $\pm$  0.001304
gg            0.35             1.0            10           800          150           0.1171  $\pm$  0.0006796
gg            0.5             1.0            10           600          200           0.274  $\pm$  0.000434
gg            0.35             0.5            10           300          150           6.509  $\pm$  0.01128
gg            0.35             0.5            10           300          250           0.5277  $\pm$  0.001788
gg            0.35             1.0            10           300          250           0.1308  $\pm$  0.0004417
gg            0.35             1.0            10           400          350           0.03538  $\pm$  7.907e-05
gg            0.35             1.0            10           500          350           0.05369  $\pm$  6.437e-05
gg            0.35             2.0            10           300          150           0.3714  $\pm$  0.0005925
gg            0.35             2.0            10           300          250           0.0308  $\pm$  0.0001012
gg            0.35             4.0            10           300          150           0.06813  $\pm$  0.0001919
gg            0.35             4.0            10           300          250           0.006146  $\pm$  2.349e-05
gg            0.35             8.0            10           300          150           0.008532  $\pm$  1.916e-05
gg            0.35             8.0            10           300          250           0.001027  $\pm$  1.658e-06
gg            0.7             0.5            10           300          150           2.612  $\pm$  0.005371
gg            0.7             1.0            10           300          150           0.643  $\pm$  0.001393
gg            0.7             1.5            10           300          150           0.2782  $\pm$  0.0005791
gg            0.7             2.0            10           300          150           0.1506  $\pm$  0.0002936
gg            0.7             4.0            10           300          150           0.0294  $\pm$  5.479e-05
gg            0.7             8.0            10           300          150           0.00508  $\pm$  7.787e-06
gg            0.35             1.0            10           400          100           1.352  $\pm$  0.0008633
gg            0.35             1.0            10           700          350           0.06547  $\pm$  8.918e-05
gg            0.35             2.0            10           600          150           0.1317  $\pm$  0.0003095
gg            0.35             30.0            10           600          100           0.03073  $\pm$  0.000196
gg            0.35             30.0            10           600          150           0.01281  $\pm$  5.182e-05
gg            0.35             40.0            10           600          200           0.01181  $\pm$  2.394e-05
gg            0.35             0.5            10           600          400           0.04348  $\pm$  0.0001469
gg            0.35             1.0            10           1400          150           0.01836  $\pm$  7.061e-05
gg            0.35             8.0            10           600          250           0.009999  $\pm$  7.898e-06
